year	mexico	brazil	chile	argentina	puerto	costa	spain	mexican	bolivia	guatemala	colombia	brazilian	ecuador	peruvian	venezuela
1970	3.33333333333	1.33333333333	1.0	1.33333333333	1.0	1.0	1.0	1.33333333333	1.0	1.0	1.33333333333	1.33333333333	1.0	1.0	1.0
1971	5.0	1.66666666667	1.0	1.33333333333	1.0	1.0	1.33333333333	1.33333333333	1.0	1.33333333333	1.66666666667	1.33333333333	1.33333333333	1.33333333333	1.33333333333
1972	7.0	2.0	1.33333333333	1.33333333333	1.0	1.66666666667	2.0	1.33333333333	1.0	2.0	2.0	1.33333333333	1.33333333333	1.33333333333	1.33333333333
1973	10.3333333333	3.33333333333	1.66666666667	1.0	1.66666666667	1.66666666667	2.33333333333	1.66666666667	1.0	2.66666666667	1.66666666667	1.0	1.33333333333	1.33333333333	1.33333333333
1974	11.0	3.0	4.33333333333	1.0	2.66666666667	2.66666666667	2.66666666667	3.0	1.33333333333	3.0	2.66666666667	1.33333333333	2.33333333333	1.0	1.66666666667
1975	13.0	5.0	5.33333333333	1.66666666667	2.66666666667	3.66666666667	3.33333333333	3.33333333333	1.33333333333	3.33333333333	5.0	2.0	2.33333333333	1.33333333333	2.0
1976	15.6666666667	5.66666666667	7.66666666667	2.0	2.66666666667	5.0	4.66666666667	3.66666666667	2.0	3.33333333333	5.66666666667	2.0	2.66666666667	1.66666666667	3.0
1977	20.6666666667	7.0	7.33333333333	2.33333333333	2.66666666667	5.33333333333	4.33333333333	3.0	1.66666666667	3.66666666667	4.66666666667	1.66666666667	1.33333333333	2.66666666667	3.33333333333
1978	24.0	5.66666666667	7.0	2.33333333333	3.33333333333	4.33333333333	3.33333333333	4.66666666667	1.66666666667	3.33333333333	3.33333333333	1.0	1.66666666667	2.66666666667	3.66666666667
1979	25.3333333333	4.0	5.66666666667	2.33333333333	3.0	4.0	1.66666666667	4.0	1.0	3.0	3.33333333333	1.33333333333	1.33333333333	2.66666666667	3.33333333333
1980	23.6666666667	4.33333333333	4.66666666667	4.33333333333	2.66666666667	3.66666666667	2.0	3.33333333333	2.0	2.66666666667	3.33333333333	1.66666666667	2.33333333333	1.66666666667	2.66666666667
1981	20.6666666667	5.0	6.0	4.33333333333	2.66666666667	6.0	2.33333333333	2.66666666667	2.33333333333	2.0	2.33333333333	2.33333333333	2.66666666667	1.66666666667	4.0
1982	22.0	8.66666666667	10.0	7.0	3.66666666667	5.66666666667	2.66666666667	2.33333333333	4.66666666667	2.0	2.0	2.66666666667	3.0	2.0	5.0
1983	21.6666666667	10.6666666667	12.0	7.0	3.66666666667	6.66666666667	7.0	3.66666666667	3.66666666667	1.33333333333	1.66666666667	2.33333333333	2.0	2.66666666667	6.0
1984	27.3333333333	13.6666666667	11.6666666667	9.33333333333	4.33333333333	6.33333333333	10.3333333333	5.33333333333	4.0	1.66666666667	2.66666666667	2.66666666667	2.0	2.33333333333	4.66666666667
1985	26.6666666667	14.0	10.0	8.66666666667	4.33333333333	8.33333333333	11.3333333333	7.0	2.0	1.33333333333	4.0	3.33333333333	2.33333333333	1.66666666667	4.0
1986	27.3333333333	12.3333333333	9.33333333333	7.66666666667	5.33333333333	7.0	7.66666666667	6.0	2.33333333333	1.66666666667	5.0	3.33333333333	3.0	2.0	3.0
1987	23.6666666667	11.0	9.66666666667	7.0	6.66666666667	6.0	5.33333333333	3.33333333333	3.0	2.33333333333	4.33333333333	2.66666666667	3.66666666667	3.0	4.33333333333
1988	21.6666666667	12.0	8.0	6.66666666667	7.0	5.0	5.66666666667	3.33333333333	4.0	2.33333333333	4.0	2.0	3.33333333333	3.33333333333	4.0
1989	28.6666666667	12.3333333333	7.0	7.0	8.0	6.33333333333	6.33333333333	4.0	5.33333333333	3.0	4.33333333333	2.66666666667	4.33333333333	2.66666666667	5.0
1990	33.0	14.0	9.33333333333	6.66666666667	7.0	7.66666666667	6.33333333333	4.33333333333	5.0	2.66666666667	5.33333333333	3.33333333333	4.33333333333	2.0	3.33333333333
1991	38.6666666667	13.6666666667	10.6666666667	6.66666666667	6.33333333333	8.66666666667	6.66666666667	5.0	4.0	3.66666666667	4.33333333333	4.0	4.0	2.0	4.33333333333
1992	36.6666666667	14.6666666667	12.0	6.0	7.66666666667	9.0	5.66666666667	5.0	2.66666666667	2.66666666667	3.66666666667	5.0	3.33333333333	1.66666666667	3.0
1993	36.6666666667	13.3333333333	9.33333333333	7.33333333333	8.33333333333	6.66666666667	6.0	5.33333333333	2.66666666667	3.66666666667	2.33333333333	4.66666666667	3.0	1.33333333333	3.33333333333
1994	37.3333333333	11.0	7.0	8.66666666667	10.0	5.0	5.33333333333	3.33333333333	3.66666666667	3.66666666667	3.33333333333	3.33333333333	4.33333333333	2.33333333333	2.0
1995	41.0	9.0	5.66666666667	11.6666666667	9.66666666667	4.66666666667	5.66666666667	3.33333333333	4.66666666667	5.0	3.0	2.0	4.33333333333	3.0	2.33333333333
1996	41.6666666667	9.66666666667	4.33333333333	11.0	10.6666666667	6.66666666667	4.66666666667	3.0	5.33333333333	5.0	2.66666666667	2.0	4.66666666667	3.0	2.33333333333
1997	40.0	10.0	5.0	11.3333333333	12.0	9.66666666667	3.33333333333	4.33333333333	7.33333333333	4.66666666667	3.33333333333	2.66666666667	4.66666666667	3.0	3.0
1998	38.0	14.3333333333	5.0	9.33333333333	10.6666666667	11.0	3.0	5.66666666667	8.0	4.33333333333	3.0	3.0	4.33333333333	2.66666666667	3.33333333333
1999	40.6666666667	14.6666666667	5.66666666667	9.0	10.0	10.0	4.0	6.0	7.66666666667	4.33333333333	3.66666666667	4.0	3.0	3.0	3.0
2000	43.6666666667	15.6666666667	7.33333333333	8.0	8.33333333333	8.66666666667	6.33333333333	6.66666666667	6.66666666667	4.66666666667	2.66666666667	5.0	4.0	2.33333333333	2.66666666667
2001	46.0	14.0	7.66666666667	8.0	9.66666666667	8.0	6.66666666667	7.33333333333	7.66666666667	5.0	3.0	5.66666666667	4.0	3.33333333333	2.0
2002	41.6666666667	13.6666666667	11.3333333333	9.0	8.33333333333	8.33333333333	8.0	7.0	7.66666666667	5.66666666667	3.33333333333	5.0	8.33333333333	4.0	1.66666666667
2003	47.3333333333	15.3333333333	10.3333333333	9.33333333333	6.33333333333	10.6666666667	7.0	6.0	6.66666666667	9.0	2.66666666667	3.33333333333	7.66666666667	4.0	1.0
2004	42.0	15.6666666667	10.6666666667	10.0	7.0	10.6666666667	6.66666666667	3.66666666667	5.0	9.0	3.0	4.0	7.66666666667	3.33333333333	1.33333333333
2005	42.3333333333	16.0	9.33333333333	9.66666666667	9.66666666667	13.6666666667	4.0	5.0	6.33333333333	8.33333333333	3.66666666667	5.33333333333	7.33333333333	3.33333333333	2.0
2006	34.6666666667	15.6666666667	9.66666666667	11.0	12.3333333333	11.6666666667	3.66666666667	5.33333333333	6.33333333333	6.33333333333	3.33333333333	7.0	8.0	4.33333333333	2.33333333333
2007	42.3333333333	18.3333333333	11.3333333333	11.6666666667	13.0	15.0	3.33333333333	6.33333333333	6.0	8.66666666667	4.33333333333	6.0	7.33333333333	4.33333333333	3.0
2008	61.3333333333	18.0	14.3333333333	11.6666666667	11.6666666667	12.3333333333	3.66666666667	7.66666666667	5.33333333333	8.33333333333	4.0	5.33333333333	5.33333333333	6.33333333333	2.33333333333
2009	64.6666666667	16.3333333333	16.6666666667	10.3333333333	11.3333333333	13.0	3.66666666667	7.0	5.0	7.33333333333	5.0	5.0	4.33333333333	6.0	2.0
2010	59.3333333333	13.0	15.6666666667	8.33333333333	8.33333333333	9.66666666667	4.33333333333	6.0	5.0	5.33333333333	4.0	4.66666666667	4.66666666667	5.66666666667	1.33333333333
2011	39.0	12.0	10.0	8.0	7.66666666667	10.0	4.33333333333	3.0	3.66666666667	4.66666666667	4.0	4.66666666667	2.66666666667	2.66666666667	1.33333333333
2012	27.6666666667	8.66666666667	8.0	5.66666666667	7.66666666667	7.66666666667	5.0	3.33333333333	3.0	3.33333333333	3.33333333333	3.66666666667	2.0	1.33333333333	1.33333333333
2013	22.5	7.0	7.0	6.0	8.0	7.0	5.0	3.5	2.5	2.0	3.5	4.0	2.0	1.0	1.0
2014	14.0	3.0	10.0	3.0	9.0	5.0	6.0	5.0	2.0	1.0	2.0	2.0	3.0	1.0	1.0
