year	africa	african	kenya	indonesia	madagascar	thailand	guinea	ethiopia	tanzania	nepal	papua	indonesian	nigeria	malawi	uganda
1970	1.66666666667	1.33333333333	1.0	1.0	1.0	1.33333333333	1.0	1.0	1.33333333333	1.0	1.0	1.0	1.0	1.0	1.0
1971	1.33333333333	1.66666666667	1.0	1.0	1.0	1.33333333333	1.0	1.33333333333	1.33333333333	1.0	1.0	1.0	1.0	1.0	1.0
1972	1.66666666667	2.0	2.0	1.0	1.0	1.33333333333	1.66666666667	1.33333333333	1.33333333333	1.0	1.0	1.0	1.0	1.0	1.0
1973	2.33333333333	2.33333333333	2.66666666667	1.33333333333	1.0	1.0	2.33333333333	1.66666666667	1.0	1.33333333333	1.0	1.33333333333	1.0	1.0	1.0
1974	4.66666666667	3.0	4.0	1.66666666667	1.0	1.0	2.66666666667	1.33333333333	1.0	1.33333333333	1.0	1.66666666667	2.33333333333	1.0	1.0
1975	5.66666666667	3.66666666667	5.0	5.66666666667	1.0	2.66666666667	2.66666666667	2.0	2.0	1.33333333333	1.33333333333	1.66666666667	3.33333333333	1.0	1.0
1976	4.66666666667	4.33333333333	6.0	6.33333333333	1.0	3.33333333333	2.66666666667	1.66666666667	3.0	1.0	1.33333333333	1.33333333333	3.33333333333	1.0	1.0
1977	3.66666666667	4.66666666667	6.66666666667	7.33333333333	1.0	5.0	3.0	2.66666666667	3.66666666667	1.33333333333	2.0	1.33333333333	2.0	1.0	1.0
1978	6.33333333333	5.0	5.66666666667	4.0	1.0	3.66666666667	2.66666666667	2.33333333333	2.66666666667	1.33333333333	1.66666666667	1.66666666667	1.0	1.0	1.0
1979	7.66666666667	4.33333333333	4.33333333333	4.0	1.0	3.0	2.33333333333	2.33333333333	1.66666666667	2.0	1.66666666667	2.0	1.0	1.0	1.0
1980	8.0	4.0	3.33333333333	3.33333333333	1.0	2.33333333333	2.0	2.0	1.66666666667	1.66666666667	1.0	1.66666666667	1.0	1.0	1.0
1981	6.33333333333	5.66666666667	3.0	3.66666666667	1.33333333333	2.33333333333	1.66666666667	1.66666666667	2.33333333333	2.0	1.0	1.66666666667	2.66666666667	2.0	1.0
1982	8.66666666667	7.0	5.33333333333	3.33333333333	2.0	4.66666666667	2.0	2.0	3.0	1.33333333333	1.33333333333	1.33333333333	3.0	2.33333333333	1.33333333333
1983	10.6666666667	7.33333333333	7.0	3.66666666667	2.33333333333	4.66666666667	3.0	1.66666666667	2.33333333333	1.66666666667	2.0	1.33333333333	3.33333333333	2.66666666667	1.33333333333
1984	10.6666666667	6.66666666667	6.66666666667	3.33333333333	2.66666666667	5.0	4.0	1.66666666667	2.0	1.66666666667	2.33333333333	1.33333333333	1.66666666667	1.66666666667	1.33333333333
1985	10.6666666667	5.66666666667	5.33333333333	5.0	3.33333333333	3.66666666667	4.0	1.33333333333	2.0	2.0	2.33333333333	2.33333333333	2.33333333333	2.0	1.0
1986	8.33333333333	6.0	5.33333333333	5.33333333333	3.33333333333	3.33333333333	4.33333333333	1.66666666667	2.0	2.33333333333	3.0	2.33333333333	2.33333333333	2.0	1.0
1987	8.0	5.66666666667	6.0	6.0	4.0	4.0	4.0	2.0	2.33333333333	2.66666666667	2.66666666667	2.33333333333	2.33333333333	2.0	1.0
1988	7.66666666667	8.0	5.66666666667	4.0	2.66666666667	3.33333333333	4.33333333333	2.33333333333	1.66666666667	2.66666666667	3.33333333333	1.33333333333	1.66666666667	1.33333333333	1.0
1989	10.3333333333	10.6666666667	4.66666666667	4.66666666667	3.66666666667	3.33333333333	3.66666666667	2.0	2.0	2.33333333333	2.66666666667	2.0	2.33333333333	1.0	1.66666666667
1990	11.6666666667	12.0	7.0	4.0	4.0	2.66666666667	4.0	3.33333333333	3.0	2.33333333333	3.33333333333	2.66666666667	4.33333333333	1.0	1.66666666667
1991	12.0	11.0	6.66666666667	5.33333333333	5.33333333333	2.66666666667	3.33333333333	3.33333333333	3.33333333333	2.66666666667	2.33333333333	3.33333333333	4.0	1.0	1.66666666667
1992	12.6666666667	9.33333333333	7.0	5.0	5.33333333333	3.33333333333	3.66666666667	3.33333333333	4.0	4.0	2.66666666667	3.0	4.0	1.0	1.33333333333
1993	15.6666666667	10.3333333333	5.33333333333	6.0	5.33333333333	2.66666666667	3.66666666667	3.0	3.0	4.33333333333	3.0	4.0	2.33333333333	2.0	1.33333333333
1994	19.3333333333	10.6666666667	5.66666666667	7.0	5.33333333333	2.33333333333	4.33333333333	4.0	4.0	4.0	3.66666666667	5.66666666667	2.33333333333	2.33333333333	1.66666666667
1995	20.6666666667	11.3333333333	5.0	8.33333333333	5.0	2.33333333333	4.66666666667	4.66666666667	4.0	2.66666666667	4.0	5.66666666667	2.0	3.0	1.33333333333
1996	24.6666666667	13.6666666667	4.33333333333	7.66666666667	4.66666666667	3.33333333333	5.33333333333	5.0	3.33333333333	3.0	4.33333333333	4.0	1.66666666667	2.33333333333	2.33333333333
1997	24.6666666667	18.3333333333	3.66666666667	6.33333333333	5.0	3.66666666667	5.0	5.33333333333	5.0	3.33333333333	4.0	2.66666666667	1.66666666667	2.66666666667	2.33333333333
1998	30.6666666667	24.0	2.33333333333	5.33333333333	7.0	2.33333333333	4.0	5.0	5.66666666667	6.33333333333	3.0	3.0	1.33333333333	2.33333333333	2.66666666667
1999	30.0	25.6666666667	5.33333333333	4.66666666667	6.66666666667	3.0	5.0	4.33333333333	6.0	6.33333333333	4.0	2.66666666667	1.66666666667	2.66666666667	2.0
2000	33.3333333333	27.6666666667	5.33333333333	5.33333333333	6.66666666667	3.33333333333	4.66666666667	2.66666666667	4.66666666667	6.33333333333	4.33333333333	2.66666666667	2.0	4.33333333333	2.33333333333
2001	28.3333333333	23.0	6.66666666667	4.0	4.0	4.33333333333	4.66666666667	3.0	4.0	3.33333333333	5.0	2.0	2.0	4.33333333333	2.0
2002	27.6666666667	21.3333333333	4.66666666667	6.33333333333	5.33333333333	3.33333333333	3.66666666667	2.33333333333	6.0	2.66666666667	2.66666666667	2.0	2.33333333333	3.66666666667	2.33333333333
2003	25.3333333333	21.3333333333	6.0	5.33333333333	5.0	4.66666666667	4.33333333333	3.66666666667	5.66666666667	2.33333333333	3.0	2.66666666667	2.0	2.0	1.66666666667
2004	34.3333333333	25.0	6.0	5.0	5.66666666667	4.66666666667	4.0	4.66666666667	6.33333333333	2.33333333333	3.0	4.0	2.66666666667	4.33333333333	2.33333333333
2005	32.0	25.3333333333	5.66666666667	3.33333333333	4.33333333333	4.66666666667	3.0	5.66666666667	5.66666666667	1.66666666667	3.33333333333	5.66666666667	3.33333333333	5.33333333333	1.66666666667
2006	33.3333333333	21.3333333333	7.0	3.33333333333	3.66666666667	3.0	2.33333333333	5.0	5.33333333333	2.0	2.66666666667	4.0	4.0	4.66666666667	2.0
2007	27.0	22.3333333333	8.0	5.33333333333	4.33333333333	3.66666666667	2.66666666667	5.0	7.0	1.66666666667	1.66666666667	3.33333333333	3.33333333333	2.33333333333	3.33333333333
2008	32.6666666667	24.3333333333	11.3333333333	5.66666666667	4.0	3.33333333333	3.66666666667	5.0	7.0	3.0	2.66666666667	3.0	2.66666666667	2.66666666667	4.0
2009	33.6666666667	26.6666666667	9.66666666667	5.33333333333	6.66666666667	3.33333333333	3.33333333333	6.33333333333	8.0	2.66666666667	2.33333333333	3.66666666667	2.0	5.0	4.0
2010	36.3333333333	27.0	9.66666666667	4.0	5.66666666667	2.66666666667	4.0	7.66666666667	5.66666666667	4.33333333333	2.66666666667	3.33333333333	1.66666666667	6.33333333333	4.0
2011	28.6666666667	22.6666666667	6.0	4.0	6.0	3.0	2.33333333333	7.33333333333	4.0	3.33333333333	1.33333333333	2.0	1.0	5.0	3.66666666667
2012	22.6666666667	20.6666666667	5.33333333333	4.33333333333	3.0	3.0	2.66666666667	6.33333333333	2.33333333333	4.66666666667	1.66666666667	1.33333333333	1.0	3.0	3.66666666667
2013	15.0	16.5	4.0	4.5	3.0	2.5	1.5	4.0	1.5	4.0	1.5	1.0	1.0	1.5	2.0
2014	15.0	18.0	3.0	4.0	2.0	2.0	2.0	4.0	2.0	6.0	2.0	1.0	1.0	2.0	2.0
