year	carolina	virginia	michigan	oregon	wisconsin	maryland	louisiana	alabama	montana	mississippi	missouri	indiana	oklahoma	idaho	dakota
1970	1.33333333333	1.66666666667	1.33333333333	2.0	1.0	1.0	1.0	1.0	1.0	1.0	2.0	1.33333333333	1.33333333333	1.0	1.0
1971	1.33333333333	1.66666666667	1.33333333333	2.0	1.33333333333	1.0	1.33333333333	1.0	1.66666666667	4.33333333333	1.66666666667	1.0	1.0	1.0	1.0
1972	1.33333333333	2.0	2.0	2.33333333333	1.66666666667	1.33333333333	1.33333333333	1.0	2.33333333333	5.0	2.0	1.0	1.33333333333	1.0	1.33333333333
1973	2.33333333333	3.33333333333	1.66666666667	3.33333333333	2.0	2.66666666667	1.66666666667	1.33333333333	3.33333333333	5.66666666667	2.0	1.33333333333	2.0	1.66666666667	1.33333333333
1974	4.33333333333	5.0	3.0	5.33333333333	3.66666666667	3.66666666667	2.0	2.33333333333	3.0	2.33333333333	2.66666666667	2.33333333333	3.0	1.66666666667	1.33333333333
1975	6.33333333333	7.66666666667	6.66666666667	7.33333333333	5.66666666667	3.33333333333	2.66666666667	3.0	3.33333333333	2.66666666667	4.0	3.0	3.66666666667	2.66666666667	1.33333333333
1976	8.0	9.33333333333	10.0	8.0	7.33333333333	3.0	2.66666666667	3.66666666667	3.0	2.66666666667	5.0	3.33333333333	4.0	2.66666666667	2.33333333333
1977	9.66666666667	11.0	10.6666666667	8.66666666667	8.33333333333	3.33333333333	2.0	3.66666666667	5.0	4.0	6.66666666667	3.0	4.33333333333	3.33333333333	3.0
1978	10.3333333333	10.6666666667	9.33333333333	7.66666666667	9.33333333333	4.0	2.66666666667	4.33333333333	6.66666666667	3.66666666667	6.66666666667	4.0	4.66666666667	4.33333333333	2.66666666667
1979	11.3333333333	9.66666666667	8.66666666667	7.0	8.33333333333	4.33333333333	2.33333333333	3.33333333333	7.33333333333	4.0	5.33333333333	5.66666666667	4.0	5.33333333333	2.0
1980	9.33333333333	7.66666666667	8.0	7.0	6.66666666667	4.66666666667	3.0	2.66666666667	6.33333333333	3.66666666667	4.0	5.33333333333	3.0	5.0	1.66666666667
1981	11.6666666667	7.66666666667	8.0	8.33333333333	4.33333333333	5.0	1.66666666667	1.66666666667	4.33333333333	3.66666666667	2.66666666667	5.0	2.66666666667	5.0	2.33333333333
1982	9.66666666667	6.0	9.0	10.3333333333	6.0	6.66666666667	1.66666666667	2.0	4.66666666667	4.66666666667	3.66666666667	5.0	3.66666666667	5.33333333333	2.0
1983	11.0	6.66666666667	8.66666666667	9.0	5.33333333333	8.0	1.66666666667	3.0	5.33333333333	5.0	3.66666666667	5.66666666667	5.66666666667	5.33333333333	3.0
1984	8.66666666667	7.0	6.33333333333	7.33333333333	6.66666666667	8.33333333333	1.66666666667	3.66666666667	5.33333333333	4.66666666667	3.66666666667	4.66666666667	5.0	4.0	2.66666666667
1985	9.66666666667	9.0	4.66666666667	7.33333333333	4.66666666667	6.0	3.0	4.33333333333	4.66666666667	4.0	3.0	4.66666666667	4.66666666667	2.66666666667	2.66666666667
1986	9.66666666667	10.0	5.66666666667	7.33333333333	4.66666666667	5.66666666667	4.33333333333	3.33333333333	3.33333333333	4.0	4.33333333333	4.66666666667	3.0	3.33333333333	1.66666666667
1987	13.0	8.33333333333	8.66666666667	9.66666666667	4.66666666667	5.33333333333	5.33333333333	3.33333333333	4.66666666667	5.0	5.33333333333	5.33333333333	3.0	4.0	2.33333333333
1988	18.0	9.66666666667	10.3333333333	8.33333333333	5.66666666667	6.66666666667	4.66666666667	3.66666666667	5.0	5.0	7.33333333333	4.33333333333	3.0	3.66666666667	2.33333333333
1989	18.0	9.33333333333	13.0	10.0	9.33333333333	6.33333333333	4.66666666667	4.66666666667	5.33333333333	4.66666666667	7.0	5.0	4.66666666667	5.0	4.0
1990	15.6666666667	11.3333333333	13.3333333333	8.33333333333	9.33333333333	7.66666666667	6.0	5.0	5.0	4.33333333333	8.66666666667	5.33333333333	6.0	5.0	4.33333333333
1991	11.0	10.6666666667	14.6666666667	11.6666666667	9.0	9.33333333333	6.0	4.66666666667	4.0	5.0	6.66666666667	4.66666666667	5.0	5.66666666667	5.33333333333
1992	11.3333333333	12.3333333333	14.3333333333	13.3333333333	6.66666666667	9.33333333333	6.0	4.33333333333	4.66666666667	7.0	5.66666666667	4.66666666667	5.33333333333	5.0	4.33333333333
1993	12.6666666667	11.0	14.0	14.6666666667	5.33333333333	8.66666666667	5.66666666667	5.33333333333	5.0	9.0	5.0	4.66666666667	6.66666666667	3.66666666667	5.66666666667
1994	13.0	11.0	11.6666666667	12.3333333333	5.0	6.66666666667	6.0	6.33333333333	6.66666666667	8.0	5.33333333333	5.33333333333	7.66666666667	3.66666666667	4.66666666667
1995	13.6666666667	11.3333333333	10.3333333333	11.0	5.33333333333	6.66666666667	4.66666666667	7.33333333333	5.66666666667	6.33333333333	6.0	5.0	6.33333333333	2.0	5.0
1996	13.0	11.3333333333	10.6666666667	10.0	6.0	6.66666666667	5.66666666667	6.33333333333	5.0	5.66666666667	4.66666666667	4.0	4.66666666667	3.66666666667	3.66666666667
1997	15.0	10.0	10.6666666667	9.33333333333	8.0	6.66666666667	6.0	6.66666666667	5.0	7.33333333333	4.33333333333	2.66666666667	5.33333333333	4.0	4.33333333333
1998	17.6666666667	9.0	11.0	10.0	7.0	7.0	7.66666666667	6.66666666667	6.0	9.0	4.33333333333	2.0	5.66666666667	6.33333333333	4.66666666667
1999	19.6666666667	11.6666666667	9.66666666667	10.0	8.0	7.33333333333	6.0	6.0	6.33333333333	10.3333333333	4.33333333333	4.0	6.0	5.33333333333	4.33333333333
2000	19.6666666667	15.0	8.0	9.0	7.0	7.0	5.66666666667	7.0	6.0	9.66666666667	4.0	7.0	5.33333333333	4.66666666667	5.66666666667
2001	16.6666666667	16.0	8.0	9.0	9.0	7.66666666667	6.0	7.66666666667	8.33333333333	8.33333333333	3.33333333333	8.33333333333	4.66666666667	4.33333333333	5.66666666667
2002	15.3333333333	14.0	9.0	10.6666666667	8.66666666667	7.33333333333	7.33333333333	8.33333333333	9.0	6.66666666667	3.0	6.66666666667	4.33333333333	6.33333333333	5.66666666667
2003	14.3333333333	11.3333333333	10.3333333333	11.3333333333	9.0	7.0	8.66666666667	7.66666666667	9.0	8.0	4.33333333333	7.0	4.0	7.0	5.0
2004	14.0	12.0	10.3333333333	10.0	8.0	7.0	9.0	7.0	6.66666666667	7.33333333333	4.0	5.66666666667	4.33333333333	7.0	5.0
2005	11.3333333333	14.0	8.0	9.33333333333	7.0	6.0	9.0	6.33333333333	6.0	8.0	5.0	6.66666666667	4.33333333333	5.33333333333	5.0
2006	11.3333333333	15.6666666667	8.33333333333	8.33333333333	8.0	6.66666666667	9.0	5.0	5.33333333333	8.33333333333	4.33333333333	4.66666666667	5.33333333333	6.66666666667	4.33333333333
2007	12.6666666667	14.0	10.0	12.3333333333	9.66666666667	5.0	7.33333333333	5.66666666667	4.33333333333	10.0	6.33333333333	6.0	6.33333333333	7.0	3.33333333333
2008	14.0	12.6666666667	13.0	15.0	9.0	8.0	11.3333333333	8.66666666667	4.0	11.0	5.66666666667	7.0	6.0	8.0	4.0
2009	13.3333333333	14.0	13.6666666667	17.0	8.33333333333	9.0	10.6666666667	9.66666666667	4.0	12.0	5.33333333333	6.66666666667	7.33333333333	7.33333333333	4.33333333333
2010	12.6666666667	16.6666666667	13.6666666667	13.0	6.66666666667	11.0	11.0	9.0	5.66666666667	12.0	5.33333333333	7.0	5.66666666667	6.0	5.0
2011	11.6666666667	19.3333333333	13.0	9.33333333333	6.66666666667	10.6666666667	6.33333333333	7.0	5.33333333333	10.0	4.66666666667	5.33333333333	6.66666666667	5.0	4.33333333333
2012	10.3333333333	18.6666666667	12.0	9.66666666667	5.66666666667	11.6666666667	5.66666666667	6.66666666667	5.0	6.33333333333	6.66666666667	5.0	5.33333333333	4.0	5.66666666667
2013	9.0	18.0	10.0	10.0	4.5	11.5	5.5	6.5	3.5	5.0	5.5	3.5	6.5	4.0	6.0
2014	9.0	16.0	8.0	12.0	6.0	12.0	4.0	7.0	3.0	4.0	9.0	3.0	6.0	4.0	8.0
